cam0:
  camera_model: pinhole
  intrinsics: [619.9510108, 620.83866653, 630.46715704, 530.26694171]
  distortion_model: radtan
  distortion_coeffs: [0, 0, 0, 0]
  rostopic: /cam0/image_raw
  resolution: [1264, 1016]
